4285782242
4224966163
4550163200
4340450942
4206111970
3782512642
4866134703
4337232967
4049668677
4407898162
4522478753
4434034268
4259596416
3638559838
3830552603
4277780732
4435801433
4313686813
4158598371
4247191585
4185098791
4464053883
4287076028
4400281571
4323083887
2314425514
2539097832
4348880818
4082495023
4398544331
4570099186
4284215016
4427840704
4349172816
4332203884
4383945294
4398321065
4187523889
4673685547
4314874703
3620498789
4364193505
4349217371
4355471946
4452385327
4722013188
4296749202
3817452415
4503849550
4252692251
4683523689
4721843083
4313198239
4266997036
4468150436
4315828602
4690433083
4159065982
3577335785
4291021186
4538147553
4684406169
4225034635
3374973677
4436007147
3368829742
3840086751
4376218964
2126852164
4499263627
3432085937
4390569477
4280963013
4199964490
3799497840
4463932093
4420073100
4188594707
4203356574
4310905524
4173914275
3605609956
4549729974
4446104653
3988770533
4186944142
3979486134
4684097522
4127434835
4253095355
4352008727
4273172931
4618333109
4467735585
4381641213
4059377646
4124550187
4295029357
4268973212
4545985379
4183431810
4261115325
3641283178
4232931956
4350378424
4312715077
4446241400
2538882930
3441106690
4441897840
4185463650
4435953173
4684139061
4356812726
2383786030
4358409493
4499029342
3815343155
4641601725
4430429761
3726582345
4183317759
3665661250
4222799893
4339227889
3733007584
4467694589
4453606696
4239275569
4349344089
2913209459
4315550178
4112963994
3458736912
4047066943
4468446933
2224324994
4507323067
4234715127
4355191362
4507041897
4377639138
3830788479
4213556747
4167805334
4168509279
4290763793
4200221780
3482134461
4026074304
4153978657
3908230026
4200429240
4067793935
3786220549
3801230152
4210619779
4084220764
4202586294
4866257525
4149281684
4103303925
4617730936
4486425680
3588256672
3967002760
4722220659
4117495792
4403262765
4052383785
4358969095
4336712117
4181117374
4053176249
4278171503
4277850449
4182296948
4038025512
4140965560
4026400643
4296541122
4506916428
4304322115
4348300950
4243301544
4657942022
4312709913
2742928311
2925651524
4021447385
4419523445
4149415752
3292156896
4506654831
4316320900
4411167451
4151106534
4126665282
3964148116
4152858877
4378684781
3928650863
4506640288
4310908743
3926852182
4377002535
4273177297
4737672929
4077156690
4078864906
4588241125
4200250939
4464035080
4093126636
4107307288
4175783646
4131910333
4291904198
4165087673
4259404800
4387844205
4355409811
4283618177
3761491597
4254854929
4349559535
4297005047
4490424491
4416312939
4256633394
3706603798
4461775295
4683720706
4205023728
4295528296
4388593934
4683773353
4617527238
3182973817
4377135901
4467925294
4366778685
4435120994
4042761104
3991615724
4397728571
4096553378
4099580383
4413867220
3252874832
4359270902
4269157682
4683524720
4535899036
4441646185
4255766009
4111766061
4201205270
4465784609
4349414264
4029679493
4435906800
4164878111
3888161749
4474118887
4020822214
4104562318
4199774619
3993342404
4402922403
4435625593
4346341268
4066757744
4436474708
4345144552
2352609169
3728267507
4618338326
4267529891
4355257151
3872524935
4464190493
4252200420
4310774660
4366951643
4129310667
3918448124
3551389161
4491969352
4348235157
4142084675
4499499170
4212134076
3800975942
4150737980
4007887904
4190856084
4310830385
4214254457
4347656988
4131188693
4468252377
3988559074
4181045206
4105083230
4295017145
4238227167
3371237576
4163797519
4266651896
4499049104
4277543275
3990548065
3537342289
2885395240
4353422401
4289108430
2272596718
4259393062
3111191511
3901030015
4179432805
3901360755
1901666458
3690908303
4307874399
4100030455
3958115604
4277551498
4023871155
4200982558
3985156967
4252920718
4399370852
4320031727
4535910112
3861842557
4420808280
4301275646
4289191053
4247500857
4181091698
4155715542
4866236803
4355586540
4361964579
4436191780
4287664411
4072975344
4301443337
4139518553
4159031426
4521929700
4294035771
4043261553
4475383406
3893012907
4347740041
4009874556
4185820156
4281298955
4044666662
4489911948
4308249512
4286704339
4442854887
3787344136
4143624449
4536473626
4379050825
4089964147
4535950532
762772337
4149170330
4617568835
4722114561
4118950080
4278367570
4180740739
4327448058
4090593106
4400246712
4389905039
2314621462
4204775933
4286826524
4420571309
4194949775
4136626013
4506560120
4238851240
4335921377
4376818303
4081062975
3507963621
4183519468
4414053266
4066837012
4684243702
4273079042
4122017085
4053063870
4359322951
4104771756
4172621427
3837323603
4506549220
2352323355
4287085549
3311006700
4169008263
4769839128
4201192683
4281096965
3380349274
4168652116
4339956739
4865648994
4367674071
3987895877
3976065435
4323728908
4193475498
4446196847
3865258168
2076442726
4625830891
4152688286
4333797953
4209183729
4088483400
4320633585
4237160444
4267048947
3694668415
4238775939
4188912275
4507308561
4104526523
4266890386
4518401254
4463687323
4420639617
3028218441
2184413002
4064306788
3925661388
4416100740
4420446465
3912145338
4093473440
4241023907
4270664309
4189915262
4344917530
3240101332
3900792405
4498643650
4403246110
4080941848
3817359599
3998575889
4289298686
4535822944
4177158489
4287136739
4113354091
4367753904
4164445489
3910910615
4348487664
4498850214
4553766290
4550264141
4140733440
4352641441
4130787406
4164898223
4684441821
4371935845
3670525102
4193406192
4083800132
4428483745
4683709795
4549932832
4683808745
4310876926
4181159339
4046620080
4116682534
4238144851
3042219141
4366838211
4200085767
2566114825
4292008415
3924114395
4323792594
3816422800
4310730062
4398143558
3748791215
4335246698
4372134139
3766154500
4436441588
4191537012
4683992854
4269561366
4271221279
3970457128
3968303953
4466655525
3983838649
4316201284
4036463586
4340396807
2786554690
4118121709
4420519120
4377286004
4150706581
4586053818
3977343284
3923468590
4499117284
3847127946
3750292937
3998609836
4316701822
4234773839
4181285586
4683469135
4189884395
4316999386
4507174629
4463806156
4355229176
3899164980
4281919832
4183087537
4336905435
3993421099
4286142053
4453633744
2714372205
2969871691
4399785528
4281870253
4484366113
4340409246
4562029246
3916169149
4553774518
1825210227
2949123188
4684270944
4385684183
4278238471
4238926227
4259379389
4388550833
4721577061
4521636869
4215803599
3785108539
4518271341
4409785323
4065467449
3943874724
4149590387
2224539395
4683555282
3702699678
3695443563
4290608842
4264688435
4420882011
4521646946
4323893050
4453763884
4113538653
3740763315
4378499512
4354918259
3894586212
4071738582
4250989726
4357311781
4434880315
4430021247
2350913025
4652341634
4399251345
4866096102
4167895485
4254032813
4352159690
4284929887
4358653238
4462290366
4197819714
4052399234
3234798950
4415562265
4236654708
4191208351
4143129199
4277621448
4129551961
3965940600
4435605367
2995582049
4366991409
4684209008
4181198808
4555983414
4347898266
4347889664
4436467677
3907124681
4201396085
3967492056
3816400765
